chr5:372378-374378	0.002
chr6:11043877-11045877	0.03
chr6:291329-293329	1.43722837143255e-59
chr12:739000-741000	7.54040619496376e-33
chr1:205818132-205820132	2.41507094973239e-69
chr9:124988248-124990248	1.51350483219901e-46
chr12:96583672-96585672	0.325
